21 0.414583 0.559259 0.025 0.109259
6 0.239323 0.928241 0.0421875 0.112037
32 0.63099 0.755093 0.0473958 0.037963
8 0.541406 0.200463 0.0223958 0.0361111
18 0.5625 0.526389 0.0614583 0.0472222
4 0.541667 0.200463 0.021875 0.0361111
5 0.541667 0.200463 0.021875 0.0361111
25 0.541667 0.200926 0.021875 0.037037
3 0.614062 0.319444 0.034375 0.0296296
28 0.376302 0.44537 0.0317708 0.0685185
34 0.383594 0.283333 0.0317708 0.0296296
36 0.382552 0.331944 0.0328125 0.0583333
8 0.877604 0.909259 0.03125 0.0648148
2 0.613281 0.319444 0.0338542 0.0296296
8 0.923958 0.918519 0.04375 0.0481481
8 0.515365 0.2 0.0213542 0.037037
8 0.840625 0.912037 0.0291667 0.0685185
6 0.288542 0.928241 0.0416667 0.112037
35 0.344271 0.318981 0.03125 0.0287037
4 0.841406 0.912037 0.0296875 0.0666667
6 0.33724 0.928241 0.0421875 0.112037
0 0.384115 0.28287 0.0317708 0.0287037
4 0.878646 0.912963 0.0322917 0.0666667
10 0.653906 0.356019 0.0359375 0.0268519
7 0.336979 0.391667 0.0364583 0.0314815
33 0.541406 0.241667 0.0223958 0.0351852
33 0.461458 0.756944 0.0458333 0.0416667
30 0.616146 0.391204 0.0364583 0.0287037
25 0.458854 0.242593 0.021875 0.0388889
33 0.378646 0.3875 0.034375 0.0287037
3 0.239323 0.92963 0.0421875 0.112963
1 0.140365 0.927315 0.0401042 0.112037
35 0.615625 0.356019 0.03125 0.0287037
18 0.658333 0.391667 0.0364583 0.0296296
3 0.3375 0.92963 0.0427083 0.112963
36 0.569271 0.2 0.021875 0.0333333
3 0.289062 0.930093 0.0427083 0.112037
15 0.43099 0.24213 0.0244792 0.0398148
27 0.459635 0.200926 0.0223958 0.0388889
33 0.48776 0.200463 0.0234375 0.0342593
4 0.924219 0.918056 0.0421875 0.0509259
34 0.486198 0.243519 0.0234375 0.037037
34 0.335156 0.428704 0.0380208 0.0333333
0 0.546354 0.588889 0.0270833 0.0518519
21 0.413281 0.5875 0.0265625 0.0509259
36 0.38099 0.352315 0.0328125 0.0287037
35 0.619271 0.42963 0.0364583 0.0314815
34 0.383333 0.317593 0.0333333 0.0296296
33 0.415885 0.529167 0.0276042 0.0490741
14 0.660417 0.430556 0.0364583 0.0333333
33 0.621094 0.469907 0.0369792 0.0342593
31 0.513021 0.526852 0.0270833 0.0462963
12 0.340625 0.353241 0.034375 0.0305556
4 0.385677 0.929167 0.0442708 0.115741
31 0.448177 0.529167 0.0265625 0.0490741
32 0.570052 0.241204 0.0223958 0.0342593
10 0.480469 0.587037 0.0276042 0.0537037
18 0.515104 0.24213 0.0229167 0.037963
16 0.577344 0.528241 0.0286458 0.0509259
36 0.48125 0.527315 0.025 0.0490741
34 0.663542 0.471296 0.0364583 0.0333333
10 0.0276042 0.0833333 0.0229167 0.062963
10 0.514063 0.5875 0.0270833 0.0527778
12 0.446875 0.587963 0.0291667 0.0537037
5 0.484115 0.930093 0.0432292 0.121296
18 0.545313 0.527778 0.0260417 0.05
28 0.376563 0.424074 0.0333333 0.0314815
5 0.435677 0.92963 0.0442708 0.12037
28 0.372917 0.463889 0.0354167 0.0351852
1 0.188542 0.928704 0.0395833 0.112963
7 0.534635 0.929167 0.0442708 0.119444
0 0.140365 0.927315 0.0411458 0.113889
7 0.583854 0.928704 0.0427083 0.116667
