3 0.413542 0.587037 0.030208 0.051852
6 0.337240 0.390741 0.033854 0.029630
25 0.341146 0.353241 0.033333 0.028704
7 0.514062 0.241204 0.022917 0.036111
5 0.650260 0.308333 0.033854 0.027778
5 0.346615 0.282407 0.031771 0.027778
7 0.341667 0.317130 0.031250 0.026852
2 0.540365 0.197685 0.022396 0.036111
25 0.660156 0.422685 0.024479 0.043519
3 0.459115 0.241204 0.022396 0.037963
3 0.487240 0.242593 0.022396 0.037037
29 0.722917 0.916204 0.056481 0.041667
2 0.617969 0.387963 0.035937 0.029630
18 0.215885 0.045370 0.021354 0.035185
21 0.663542 0.468519 0.036458 0.031481
9 0.569792 0.200000 0.022917 0.035185
25 0.802865 0.906944 0.029687 0.067593
26 0.578646 0.528704 0.028125 0.053704
24 0.546615 0.525000 0.026562 0.050000
17 0.612240 0.318519 0.031771 0.027778
20 0.542188 0.242593 0.023958 0.035185
7 0.448437 0.529630 0.026042 0.048148
27 0.656771 0.379630 0.037500 0.027778
27 0.027865 0.082870 0.023438 0.067593
36 0.382292 0.317593 0.032292 0.025926
34 0.610938 0.283796 0.036458 0.026852
30 0.487240 0.199537 0.022396 0.032407
16 0.379948 0.352315 0.031771 0.026852
19 0.139063 0.925926 0.044792 0.116667
10 0.447396 0.587963 0.028125 0.053704
16 0.514844 0.528704 0.028646 0.051852
15 0.377865 0.388889 0.032813 0.031481
17 0.614062 0.352778 0.031250 0.031481
21 0.654167 0.343519 0.033333 0.029630
18 0.276042 0.044907 0.020833 0.032407
22 0.571615 0.242593 0.024479 0.038889
22 0.479687 0.583796 0.028125 0.052778
11 0.482292 0.526852 0.026042 0.051852
10 0.513021 0.587963 0.026042 0.053704
18 0.245312 0.041204 0.027083 0.028704
35 0.459115 0.199537 0.022396 0.034259
20 0.054688 0.837963 0.028125 0.053704
0 0.416146 0.527778 0.028125 0.048148
35 0.429688 0.242593 0.021875 0.037037
0 0.057292 0.081944 0.023958 0.063889
20 0.080990 0.725000 0.034896 0.044444
23 0.377344 0.428704 0.034896 0.035185
34 0.384115 0.280556 0.031771 0.027778
20 0.071615 0.776389 0.032813 0.043519
30 0.372917 0.468056 0.035417 0.034259
23 0.765365 0.907870 0.031771 0.065741
34 0.621615 0.468519 0.034896 0.031481
31 0.926042 0.906481 0.029167 0.064815
23 0.335417 0.428704 0.035417 0.033333
31 0.839063 0.907870 0.031250 0.067593
31 0.884115 0.917593 0.041146 0.055556
36 0.618490 0.430556 0.038021 0.035185
35 0.546615 0.586111 0.027604 0.050000
31 0.876042 0.860185 0.040625 0.048148
32 0.287760 0.925000 0.038021 0.094444
33 0.335938 0.926389 0.039583 0.099074
33 0.435417 0.928704 0.042708 0.103704
32 0.238021 0.925926 0.037500 0.100000
33 0.386719 0.927315 0.041146 0.100926
14 0.189323 0.928704 0.044271 0.114815
26 0.513542 0.199074 0.022917 0.035185
37 0.086458 0.085648 0.025000 0.063889
37 0.116146 0.083796 0.026042 0.063889
37 0.145313 0.083796 0.025000 0.063889
