3 0.619010 0.392130 0.038021 0.036111
29 0.542969 0.243519 0.021354 0.037037
7 0.447917 0.525926 0.026042 0.050000
23 0.613802 0.317593 0.033854 0.033333
27 0.303646 0.042130 0.026042 0.025000
4 0.513281 0.529167 0.027604 0.050926
27 0.357292 0.047685 0.020833 0.032407
6 0.068750 0.793519 0.040625 0.044444
21 0.384635 0.283796 0.031771 0.028704
9 0.620833 0.430093 0.035417 0.032407
22 0.382031 0.351389 0.032813 0.030556
5 0.578646 0.525926 0.029167 0.048148
24 0.765365 0.907870 0.032813 0.060185
32 0.242188 0.045833 0.020833 0.026852
26 0.802865 0.906019 0.029687 0.063889
25 0.027865 0.084259 0.024479 0.064815
32 0.217448 0.045833 0.019271 0.028704
6 0.380208 0.389352 0.035417 0.032407
24 0.430208 0.243981 0.022917 0.041667
32 0.271615 0.043056 0.025521 0.025000
4 0.413802 0.584722 0.030729 0.056481
16 0.377865 0.426852 0.034896 0.031481
27 0.333333 0.045833 0.021875 0.030556
30 0.616146 0.353241 0.035417 0.032407
15 0.547396 0.525000 0.031250 0.048148
16 0.621615 0.469907 0.038021 0.032407
20 0.486719 0.242130 0.023438 0.034259
25 0.723958 0.920833 0.045370 0.041667
15 0.480990 0.525463 0.031771 0.049074
7 0.073958 0.735185 0.031250 0.057407
8 0.059896 0.849074 0.044792 0.046296
31 0.612240 0.283796 0.033854 0.030556
18 0.572396 0.243056 0.025000 0.037963
23 0.840365 0.913889 0.032813 0.064815
17 0.384115 0.317130 0.032813 0.034259
23 0.878646 0.908333 0.033333 0.064815
28 0.459115 0.242130 0.023438 0.036111
22 0.514844 0.243056 0.023438 0.037963
20 0.415365 0.525463 0.027604 0.047222
23 0.921875 0.921296 0.053704 0.038542
1 0.139063 0.930556 0.044792 0.124074
1 0.189062 0.928241 0.042708 0.119444
1 0.239323 0.928241 0.043229 0.119444
34 0.385937 0.929167 0.042708 0.119444
34 0.435937 0.929167 0.044792 0.125000
35 0.286719 0.924537 0.045312 0.119444
35 0.337240 0.925463 0.044271 0.117593
37 0.056771 0.084259 0.026042 0.066667
37 0.086458 0.083333 0.025000 0.066667
37 0.115885 0.084722 0.024479 0.063889
37 0.144792 0.083796 0.027083 0.062037
