7 0.423438 0.200000 0.021875 0.037037
3 0.513802 0.588426 0.025521 0.052778
4 0.341667 0.351852 0.032292 0.031481
30 0.384115 0.318519 0.034896 0.029630
26 0.449219 0.529167 0.025521 0.049074
6 0.429688 0.245833 0.021875 0.037963
22 0.483594 0.201852 0.030729 0.029630
8 0.802865 0.907870 0.032813 0.069444
25 0.338021 0.394444 0.025000 0.042593
30 0.541667 0.200463 0.021875 0.034259
0 0.610938 0.284722 0.033333 0.026852
33 0.514062 0.200463 0.022917 0.032407
14 0.569271 0.200463 0.023958 0.036111
12 0.655208 0.355556 0.035417 0.029630
32 0.385417 0.281481 0.030208 0.029630
30 0.702344 0.428704 0.036979 0.033333
23 0.446615 0.587963 0.028646 0.051852
8 0.727865 0.908333 0.032813 0.068519
8 0.765365 0.911111 0.032813 0.068519
18 0.839844 0.908333 0.030729 0.070370
18 0.877865 0.910185 0.030729 0.062963
35 0.614323 0.319907 0.033854 0.028704
13 0.663542 0.468056 0.037500 0.036111
34 0.615885 0.390741 0.034896 0.027778
27 0.342969 0.317593 0.033854 0.029630
26 0.514323 0.649074 0.028646 0.055556
27 0.571094 0.242130 0.023438 0.039815
33 0.620052 0.469444 0.035937 0.035185
27 0.658333 0.390741 0.034375 0.029630
26 0.514062 0.526389 0.028125 0.049074
1 0.374740 0.466204 0.033854 0.032407
22 0.547396 0.531481 0.027083 0.050000
31 0.057292 0.083333 0.023958 0.057407
22 0.480469 0.586111 0.028646 0.055556
27 0.451823 0.198611 0.022396 0.037963
20 0.027865 0.082870 0.026562 0.063889
28 0.618490 0.428241 0.035937 0.036111
28 0.542969 0.243519 0.023438 0.038889
21 0.510938 0.918519 0.053704 0.042708
24 0.139844 0.927315 0.045312 0.123148
31 0.614844 0.355093 0.033854 0.026852
23 0.480208 0.647685 0.029167 0.056481
33 0.660156 0.428704 0.035937 0.031481
30 0.413542 0.590278 0.030208 0.054630
23 0.579167 0.585648 0.027083 0.047222
23 0.416667 0.528241 0.027083 0.045370
31 0.485938 0.243056 0.023958 0.036111
35 0.379688 0.389352 0.035417 0.030556
36 0.376823 0.428241 0.034896 0.030556
34 0.380990 0.352778 0.033854 0.029630
31 0.514323 0.243981 0.023438 0.036111
10 0.650521 0.286111 0.033333 0.031481
18 0.923698 0.918519 0.051852 0.043229
35 0.457292 0.244907 0.022917 0.036111
36 0.546875 0.587963 0.026042 0.050000
34 0.481771 0.527315 0.026042 0.049074
32 0.410938 0.650463 0.028125 0.054630
28 0.333594 0.438426 0.033854 0.030556
12 0.446094 0.648611 0.030729 0.056481
15 0.580208 0.528704 0.028125 0.051852
11 0.705990 0.468519 0.040104 0.035185
10 0.640365 0.910648 0.030729 0.069444
10 0.554948 0.909259 0.030729 0.072222
21 0.431771 0.908333 0.032292 0.077778
10 0.598437 0.918056 0.060185 0.040625
21 0.468490 0.909722 0.031771 0.076852
5 0.345313 0.282870 0.031250 0.026852
0 0.653125 0.319907 0.034375 0.030556
8 0.685417 0.918056 0.044792 0.045370
37 0.085938 0.085185 0.025000 0.064815
37 0.115365 0.083796 0.026562 0.063889
37 0.144792 0.085185 0.026042 0.062963
