3 0.51433 0.243281 0.0218864 0.0398517
2 0.51433 0.242354 0.0218864 0.0379981
17 0.383012 0.31835 0.0323085 0.0324374
8 0.383794 0.282669 0.0328296 0.0315107
15 0.44815 0.526413 0.0260552 0.0500463
33 0.800938 0.047266 0.0302241 0.0222428
33 0.808755 0.0741427 0.0312663 0.0240964
26 0.616988 0.391566 0.0364773 0.0361446
2 0.486712 0.241427 0.0218864 0.0379981
25 0.027358 0.0843373 0.0244919 0.0648749
6 0.847837 0.918906 0.0509731 0.0416884
15 0.382491 0.352641 0.0333507 0.0305839
21 0.61308 0.320204 0.0338718 0.0305839
32 0.619594 0.431418 0.0354351 0.0324374
3 0.239448 0.932808 0.0390829 0.112141
4 0.892652 0.913346 0.0291819 0.0639481
33 0.81605 0.108897 0.0229286 0.0287303
35 0.383533 0.31835 0.0323085 0.0305839
5 0.928609 0.912419 0.0291819 0.0676552
11 0.54221 0.242817 0.0203231 0.0407785
28 0.615425 0.356348 0.0333507 0.0324374
35 0.458572 0.240964 0.0208442 0.0352178
16 0.44815 0.52734 0.0270974 0.0500463
21 0.416102 0.52873 0.0255341 0.0491196
12 0.571131 0.243744 0.0239708 0.0407785
17 0.379364 0.389249 0.0333507 0.0333642
22 0.431735 0.243281 0.0224075 0.0379981
2 0.189682 0.930491 0.0385618 0.116775
28 0.480459 0.527804 0.0260552 0.0509731
32 0.513028 0.52734 0.0265763 0.0444856
31 0.378062 0.427711 0.0328296 0.0305839
2 0.140438 0.929101 0.0411673 0.121409
16 0.535175 0.930955 0.0437728 0.113994
5 0.287389 0.930955 0.0380406 0.115848
16 0.486191 0.930028 0.0437728 0.113994
18 0.622199 0.46988 0.0385618 0.0352178
22 0.387962 0.931418 0.0442939 0.118628
23 0.436165 0.932808 0.0427306 0.117702
20 0.337676 0.928638 0.0437728 0.113068
31 0.634966 0.928174 0.0442939 0.119555
31 0.58468 0.930491 0.0437728 0.113068
